< 00000000 31 31 32 20 0a 31 30 35 20 0a 39 39 20 0a 31 31 # 112 .105 .99 .11
< 00000010 31 20 0a 36 37 20 0a 38 34 20 0a 37 30 20 0a 31 # 1 .67 .84 .70 .1
< 00000020 32 33 20 0a 31 30 33 20 0a 34 38 20 0a 34 38 20 # 23 .103 .48 .48 
< 00000030 0a 31 30 30 20 0a 39 35 20 0a 31 30 37 20 0a 34 # .100 .95 .107 .4
< 00000040 39 20 0a 31 31 36 20 0a 31 31 36 20 0a 31 32 31 # 9 .116 .116 .121
< 00000050 20 0a 33 33 20 0a 39 35 20 0a 31 31 30 20 0a 34 #  .33 .95 .110 .4
< 00000060 39 20 0a 39 39 20 0a 35 31 20 0a 39 35 20 0a 31 # 9 .99 .51 .95 .1
< 00000070 30 37 20 0a 34 39 20 0a 31 31 36 20 0a 31 31 36 # 07 .49 .116 .116
< 00000080 20 0a 31 32 31 20 0a 33 33 20 0a 39 35 20 0a 31 #  .121 .33 .95 .1
< 00000090 30 30 20 0a 35 31 20 0a 31 30 30 20 0a 31 30 32 # 00 .51 .100 .102
< 000000a0 20 0a 31 30 30 20 0a 35 34 20 0a 31 30 30 20 0a #  .100 .54 .100 .
< 000000b0 31 30 32 20 0a 31 32 35 20 0a 31 30 20 0a       # 102 .125 .10 .
